0.3 0 0.6
0.299999999999999 1.882129289739e-08 0.6
0.299999999999962 1.50344419941661e-07 0.6
0.299999999999572 5.06650537102092e-07 0.6
0.299999999997603 1.19914493066857e-06 0.6
0.299999999990885 2.33855837440957e-06 0.6
0.299999999972865 4.03494848670736e-06 0.6
0.299999999931782 6.39770108764327e-06 0.6
0.299999999848456 9.53553155598936e-06 0.6
0.299999999693703 1.35564861860428e-05 0.6
0.299999999425386 1.85679435442161e-05 0.6
0.299999998985108 2.46766158252689e-05 0.6
0.299999998294554 3.19885502080385e-05 0.6
0.299999997251498 4.06091302104922e-05 0.6
0.299999995725465 5.06430770438895e-05 0.6
0.299999993553084 6.21944509658044e-05 0.6
0.299999990533113 7.53666526317178e-05 0.6
0.299999986421158 9.02624244448453e-05 0.6
0.299999980924092 0.000106983851903824 0.6
0.29999997369418 0.000125632364947829 0.6
0.299999964322919 0.000146308739298656 0.6
0.299999952334596 0.000169113097799225 0.6
0.299999937179582 0.000194144911747954 0.6
0.299999918227356 0.000221503002228357 0.6
0.299999894759276 0.000251285541433175 0.6
0.299999865961106 0.000283590053982323 0.6
0.29999983091529 0.000318513418233831 0.6
0.299999788593004 0.000356151867586937 0.6
0.299999737845974 0.000396600991776413 0.6
0.299999677398074 0.000439955738157151 0.6
0.299999605836711 0.000486310412977977 0.6
0.299999521604009 0.000535758682643595 0.6
0.29999942298778 0.000588393574963509 0.6
0.29999930811232 0.000644307480386707 0.6
0.299999174929002 0.000703592153220828 0.6
0.299999021206699 0.000766338712834477 0.6
0.299998844522029 0.000832637644841282 0.6
0.299998642249437 0.000902578802264238 0.6
0.299998411551113 0.000976251406678817 0.6
0.299998149366756 0.00105374404933325 0.6
0.299997852403192 0.00113514469224437 0.6
0.29999751712385 0.00122054066926725 0.6
0.299997139738097 0.00131001868713697 0.6
0.299996716190452 0.00140366482648059 0.6
0.299996242149671 0.00150156454279754 0.6
0.299995712997709 0.00160380266740639 0.6
0.299995123818586 0.0017104634083562 0.6
0.299994469387126 0.00182163035130011 0.6
0.299993744157613 0.00193738646032934 0.6
0.299992942252342 0.00205781407876535 0.6
0.299992057450087 0.00218299492990786 0.6
0.299991083174476 0.00231301011773666 0.6
0.299990012482302 0.00244794012756469 0.6
0.29998883805175 0.00258786482664026 0.6
0.299987552170558 0.0027328634646958 0.6
0.299986146724123 0.00288301467444084 0.6
0.299984613183541 0.00303839647199664 0.6
0.299982942593606 0.00319908625726995 0.6
0.299981125560749 0.0033651608142634 0.6
0.299979152240954 0.00353669631131977 0.6
0.299977012327619 0.0037137683012976 0.6
0.299974695039399 0.00389645172167535 0.6
0.299972189108022 0.00408482089458151 0.6
0.299969482766077 0.00427894952674775 0.6
0.299966563734789 0.00447891070938241 0.6
0.299963419211791 0.00468477691796154 0.6
0.299960035858877 0.00489662001193451 0.6
0.299956399789759 0.00511451123434143 0.6
0.299952496557832 0.00533852121133951 0.6
0.299948311143937 0.00556871995163521 0.6
0.299943827944148 0.0058051768458196 0.6
0.299939030757565 0.00604796066560358 0.6
0.299933902774136 0.00629713956295034 0.6
0.299928426562506 0.00655278106910176 0.6
0.299922584057892 0.00681495209349597 0.6
0.299916356549999 0.007083718922573 0.6
0.29990972467097 0.00735914721846535 0.6
0.299902668383388 0.00764130201757069 0.6
0.29989516696832 0.00793024772900353 0.6
0.29988719901342 0.00822604813292275 0.6
0.299878742401086 0.00852876637873217 0.6
0.29986977429668 0.00883846498315091 0.6
0.299860271136815 0.00915520582815065 0.6
0.299850208617716 0.00947905015875673 0.6
0.299839561683649 0.00981005858071008 0.6
0.299828304515438 0.010148291057987 0.6
0.299816410519057 0.0104938069101736 0.6
0.299803852314319 0.0108466648096927 0.6
0.29979060172365 0.0112069227788786 0.6
0.299776629760964 0.0115746381868992 0.6
0.299761906620639 0.0119498677465201 0.6
0.299746401666593 0.0123326675107091 0.6
0.299730083421476 0.0127230928690788 0.6
0.299712919555972 0.013121198544163 0.6
0.29969487687822 0.0135270385875246 0.6
0.299675921323355 0.0139406663756937 0.6
0.299656017943176 0.0143621346059302 0.6
0.299635130895949 0.0147914952918117 0.6
0.299613223436335 0.0152287997586411 0.6
0.299590257905469 0.0156740986386733 0.6
0.299566195721169 0.0161274418661566 0.6
0.299540997368306 0.0165888786721891 0.6
0.299514622389312 0.017058457579384 0.6
0.299487029374856 0.0175362263963445 0.6
0.299458175954671 0.0180222322119448 0.6
0.299428018788549 0.0185165213894139 0.6
0.299396513557504 0.0190191395602219 0.6
0.299363614955112 0.0195301316177651 0.6
0.299329276679019 0.020049541710849 0.6
0.299293451422638 0.0205774132369655 0.6
0.299256090867029 0.0211137888353643 0.6
0.299217145672969 0.0216587103799156 0.6
0.299176565473218 0.0222122189717612 0.6
0.299134298864979 0.0227743549317554 0.6
0.299090293402568 0.0233451577926899 0.6
0.299044495590288 0.0239246662913047 0.6
0.29899685087551 0.0245129183600817 0.6
0.298947303641981 0.0251099511188194 0.6
0.298895797203341 0.0257158008659887 0.6
0.298842273796877 0.026330503069867 0.6
0.298786674577495 0.0269540923594509 0.6
0.298728939611935 0.0275866025151449 0.6
0.29866900787322 0.0282280664592272 0.6
0.298606817235348 0.0288785162460892 0.6
0.298542304468236 0.0295379830522504 0.6
0.298475405232913 0.0302064971661462 0.6
0.298406054076968 0.0308840879776891 0.6
0.298334184430264 0.0315707839676027 0.6
0.298259728600916 0.0322666126965276 0.6
0.298182617771539 0.0329716007939001 0.6
0.298102781995771 0.0336857739466018 0.6
0.298020150195082 0.0344091568873825 0.6
0.297934650155859 0.0351417733830547 0.6
0.297846208526785 0.0358836462224601 0.6
0.297754750816517 0.0366347972042096 0.6
0.297660201391654 0.0373952471241967 0.6
0.297562483475015 0.0381650157628839 0.6
0.297461519144225 0.0389441218723649 0.6
0.297357229330614 0.0397325831632019 0.6
0.297249533818432 0.0405304162910396 0.6
0.297138351244393 0.0413376368429972 0.6
0.297023599097544 0.0421542593238391 0.6
0.296905193719463 0.0429802971419269 0.6
0.296783050304802 0.0438157625949528 0.6
0.296657082902171 0.0446606668554575 0.6
0.296527204415367 0.0455150199561332 0.6
0.296393326604955 0.0463788307749154 0.6
0.296255360090216 0.0472521070198635 0.6
0.296113214351442 0.0481348552138347 0.6
0.295966797732617 0.049027080678952 0.6
0.295816017444451 0.04992878752087 0.6
0.295660779567811 0.0508399786128405 0.6
0.295500989057519 0.0517606555795819 0.6
0.295336549746544 0.052690818780954 0.6
0.295167364350587 0.053630467295443 0.6
0.294993334473065 0.0545795989034593 0.6
0.294814360610487 0.0555382100704516 0.6
0.294630342158253 0.0565062959298412 0.6
0.29444117741685 0.0574838502657814 0.6
0.294246763598478 0.0584708654957442 0.6
0.294046996834085 0.0594673326529401 0.6
0.293841772180842 0.0604732413685749 0.6
0.29363098363004 0.0614885798539479 0.6
0.293414524115425 0.0625133348823973 0.6
0.29319228552198 0.0635474917710959 0.6
0.292964158695148 0.0645910343627039 0.6
0.292730033450504 0.0656439450068838 0.6
0.292489798583888 0.0667062045416821 0.6
0.292243341881994 0.0677777922747845 0.6
0.291990550133428 0.0688586859646493 0.6
0.291731309140227 0.0699488618015263 0.6
0.291465503729865 0.0710482943883664 0.6
0.291193017767722 0.0721569567216289 0.6
0.290913734170049 0.0732748201719929 0.6
0.290627534917413 0.0744018544649792 0.6
0.290334301068634 0.0755380276614898 0.6
0.29003391277522 0.0766833061382732 0.6
0.289726249296302 0.0778376545683207 0.6
0.289411189014068 0.079001035901203 0.6
0.289088609449714 0.0801734113433543 0.6
0.288758387279895 0.0813547403383109 0.6
0.288420398353705 0.0825449805469136 0.6
0.288074517710163 0.0837440878274812 0.6
0.287720619596237 0.0849520162159643 0.6
0.28735857748538 0.0861687179060869 0.6
0.286988264096607 0.0873941432294857 0.6
0.286609551414102 0.0886282406358557 0.6
0.286222310707359 0.0898709566731101 0.6
0.285826412551869 0.0911222359675663 0.6
0.285421726850346 0.0923820212041646 0.6
0.285008122854499 0.0936502531067318 0.6
0.284585469187356 0.0949268704182975 0.6
0.284153633866138 0.0962118098814747 0.6
0.283712484325681 0.0975050062189138 0.6
0.283261887442426 0.0988063921138415 0.6
0.282801709558961 0.100115898190693 0.6
0.282331816509118 0.101433452995853 0.6
0.281852073643645 0.102758982978507 0.6
0.281362345856436 0.104092412471627 0.6
0.280862497611321 0.105433663673091 0.6
0.280352392969437 0.106782656626955 0.6
0.279831895617155 0.108139309204885 0.6
0.279300868894583 0.109503537087762 0.6
0.278759175824641 0.110875253747475 0.6
0.2782066791427 0.112254370428909 0.6
0.277643241326804 0.113640796132137 0.6
0.277068724628452 0.115034437594849 0.6
0.276482991103961 0.116435199274993 0.6
0.275885902646397 0.117842983333683 0.6
0.275277321018082 0.119257689618355 0.6
0.274657107883665 0.120679215646195 0.6
0.27402512484377 0.12210745658786 0.6
0.273381233469214 0.123542305251486 0.6
0.272725295335784 0.124983652067018 0.6
0.272057172059594 0.126431385070861 0.6
0.271376725332999 0.127885389890862 0.6
0.270683816961072 0.129345549731658 0.6
0.269978308898645 0.130811745360376 0.6
0.269260063287907 0.132283855092722 0.6
0.268528942496559 0.133761754779458 0.6
0.267784809156519 0.135245317793286 0.6
0.26702752620318 0.136734415016154 0.6
0.266256956915212 0.138228914827003 0.6
0.265472964954904 0.139728683089952 0.6
0.26467541440905 0.141233583142954 0.6
0.26386416983036 0.142743475786934 0.6
0.263039096279409 0.144258219275409 0.6
0.262200059367103 0.145777669304621 0.6
0.261346925297669 0.147301679004195 0.6
0.260479560912148 0.148830098928324 0.6
0.25959783373241 0.150362777047512 0.6
0.258701612005658 0.15189955874088 0.6
0.257790764749428 0.153440286789048 0.6
0.256865161797081 0.154984801367616 0.6
0.255924673843773 0.156532940041253 0.6
0.254969172492892 0.158084537758409 0.6
0.25399853030297 0.159639426846663 0.6
0.253012620835044 0.161197437008726 0.6
0.252011318700464 0.162758395319114 0.6
0.250994499609148 0.164322126221496 0.6
0.249962040418258 0.165888451526745 0.6
0.248913819181301 0.167457190411695 0.6
0.24784971519764 0.169028159418627 0.6
0.246769609062403 0.170601172455493 0.6
0.245673382716784 0.17217604079689 0.6
0.244560919498721 0.173752573085811 0.6
0.243432104193939 0.175330575336166 0.6
0.242286823087353 0.176909850936113 0.6
0.24112496401481 0.178490200652183 0.6
0.239946416415163 0.180071422634246 0.6
0.238751071382665 0.181653312421298 0.6
0.237538821719666 0.183235662948108 0.6
0.236309561989599 0.184818264552732 0.6
0.235063188570251 0.186400904984892 0.6
0.233799599707285 0.187983369415258 0.6
0.232518695568025 0.189565440445626 0.6
0.231220378295461 0.191146898120016 0.6
0.229904552062484 0.192727519936694 0.6
0.228571123126311 0.194307080861138 0.6
0.227219999883111 0.195885353339955 0.6
0.225851092922784 0.197462107315768 0.6
0.224464315083912 0.199037110243065 0.6
0.223059581508828 0.200610127105056 0.6
0.221636809698813 0.202180920431509 0.6
0.220195919569397 0.203749250317609 0.6
0.218736833505732 0.20531487444383 0.6
0.217259476418033 0.206877548096844 0.6
0.215763775797071 0.20843702419146 0.6
0.21424966176968 0.209993053293622 0.6
0.212717067154273 0.211545383644466 0.6
0.211165927516354 0.213093761185441 0.6
0.20959618122398 0.214637929584509 0.6
0.208007769503177 0.216177630263432 0.6
0.206400636493282 0.217712602426153 0.6
0.204774729302179 0.219242583088275 0.6
0.203129998061427 0.220767307107653 0.6
0.201466395981236 0.222286507216096 0.6
0.199783879405291 0.2237999140522 0.6
0.198082407865383 0.225307256195295 0.6
0.196361944135831 0.226808260200542 0.6
0.194622454287684 0.228302650635157 0.6
0.192863907742652 0.229790150115782 0.6
0.191086277326774 0.231270479347009 0.6
0.189289539323772 0.232743357161046 0.6
0.187473673528087 0.23420850055855 0.6
0.185638663297559 0.23566562475061 0.6
0.183784495605738 0.237114443201894 0.6
0.181911161093786 0.23855466767496 0.6
0.180018654121963 0.239986008275726 0.6
0.178106972820655 0.241408173500117 0.6
0.176176119140933 0.24282087028186 0.6
0.174226098904603 0.244223804041464 0.6
0.172256921853739 0.245616678736349 0.6
0.170268601699647 0.24699919691215 0.6
0.168261156171266 0.248371059755175 0.6
0.16623460706295 0.249731967146032 0.6
0.164188980281627 0.251081617714399 0.6
0.162124305893291 0.252419708894964 0.6
0.160040618168816 0.253745936984503 0.6
0.157937955629047 0.255059997200104 0.6
0.155816361089164 0.256361583738538 0.6
0.153675881702268 0.257650389836753 0.6
0.15151656900218 0.258926107833505 0.6
0.149338478945419 0.260188429232102 0.6
0.147141671952327 0.261437044764268 0.6
0.144926212947326 0.2626716444551 0.6
0.142692171398265 0.263891917689133 0.6
0.140439621354846 0.265097553277482 0.6
0.138168641486085 0.266288239526063 0.6
0.135879315116794 0.267463664304875 0.6
0.133571730263053 0.268623515118342 0.6
0.13124597966664 0.269767479176686 0.6
0.128902160828399 0.270895243468337 0.6
0.126540376040515 0.27200649483335 0.6
0.124160732417671 0.273100920037827 0.6
0.121763341927061 0.274178205849323 0.6
0.119348321417229 0.275238039113219 0.6
0.116915792645711 0.276280106830052 0.6
0.114465882305456 0.27730409623378 0.6
0.111998722049988 0.278309694870965 0.6
0.109514448517305 0.279296590680858 0.6
0.107013203352466 0.280264472076365 0.6
0.104495133228856 0.281213028025879 0.6
0.101960389868099 0.282141948135943 0.6
0.0994091300585932 0.283050922734751 0.6
0.0968415156726462 0.283939642956429 0.6
0.0942577136821852 0.284807800826114 0.6
0.0916578961730183 0.285655089345764 0.6
0.0890422403576225 0.28648120258072 0.6
0.0864109285864362 0.287285835746961 0.6
0.0837641483576346 0.288068685299045 0.6
0.0811020923253628 0.288829449018704 0.6
0.0784249583064075 0.289567826104072 0.6
0.0757329492852831 0.290283517259511 0.6
0.0730262734177149 0.290976224786014 0.6
0.0703051440324927 0.29164565267216 0.6
0.0675697796316829 0.292291506685579 0.6
0.0648204038891702 0.29291349446491 0.6
0.0620572456475199 0.293511325612221 0.6
0.0592805389131312 0.294084711785854 0.6
0.0564905228496744 0.294633366793665 0.6
0.053687441769785 0.295157006686638 0.6
0.0508715451250058 0.295655349852822 0.6
0.048043087493954 0.296128117111578 0.6
0.0452023285687038 0.296575031808086 0.6
0.0423495331393628 0.296995819908089 0.6
0.0394849710768359 0.297390210092837 0.6
0.0366089173137542 0.297757933854187 0.6
0.0337216518235647 0.298098725589846 0.6
0.0308234595977592 0.298412322698687 0.6
0.0279146306212416 0.298698465676139 0.6
0.0249954598458099 0.298956898209586 0.6
0.0220662471617577 0.299187367273747 0.6
0.0191272973675703 0.299389623226011 0.6
0.0161789201377205 0.299563419901658 0.6
0.0132214299885458 0.299708514708972 0.6
0.0102551462422085 0.299824668724158 0.6
0.00728039298872392 0.299911646786066 0.6
0.00429749904606166 0.299969217590654 0.6
0.00130679791830281 0.299997153785166 0.6
-0.00169137224813616 0.299995232061975 0.6
-0.00469666871022901 0.299963233252054 0.6
-0.00770874417600769 0.299900942418041 0.6
-0.0107272468541772 0.299808148946838 0.6
-0.0137518205056788 0.299684646641732 0.6
-0.0167821044971952 0.299530233813959 0.6
-0.0198177338566042 0.29934471337371 0.6
-0.0228583393303713 0.299127892920499 0.6
-0.0259035474428793 0.29887958483288 0.6
-0.0289529805576939 0.298599606357453 0.6
-0.032006256940755 0.298287779697128 0.6
-0.0350629908254899 0.297943932098594 0.6
-0.038122792479841 0.297567895938959 0.6
-0.0411852682751979 0.297159508811514 0.6
-0.0442500207572277 0.29671861361058 0.6
-0.0473166487185881 0.2962450586154 0.6
-0.0503847472735189 0.295738697573016 0.6
-0.0534539079342921 0.295199389780115 0.6
-0.0565237186895123 0.294627000163781 0.6
-0.059593764084253 0.294021399361119 0.6
-0.0626636253020092 0.293382463797701 0.6
-0.0657328802484544 0.292710075764813 0.6
-0.0688011036369844 0.292004123495428 0.6
-0.0718678670760252 0.291264501238896 0.6
-0.0749327391580911 0.290491109334288 0.6
-0.0779952855505683 0.289683854282363 0.6
-0.081055069088207 0.288842648816109 0.6
-0.0841116498672948 0.28796741196983 0.6
-0.0871645853414908 0.287058069146725 0.6
-0.0902134304192967 0.286114552184929 0.6
-0.0932577375631376 0.28513679942197 0.6
-0.0962970568900271 0.284124755757605 0.6
-0.0993309362737894 0.283078372715 0.6
-0.102358921448809 0.281997608500208 0.6
-0.105380556115282 0.280882428059916 0.6
-0.108395382045933 0.279732803137416 0.6
-0.111402939194175 0.278548712326765 0.6
-0.11440276580367 0.277330141125105 0.6
-0.117394398519262 0.276077081983095 0.6
-0.120377372499255 0.274789534353431 0.6
-0.123351221528989 0.273467504737412 0.6
-0.126315478135685 0.272111006729521 0.6
-0.129269673704524 0.270720061059992 0.6
-0.132213338595915 0.269294695635324 0.6
-0.135146002263923 0.267834945576711 0.6
-0.138067193375813 0.26634085325636 0.6
-0.140976439932663 0.264812468331671 0.6
-0.143873269391022 0.263249847777237 0.6
-0.146757208785555 0.261653055914646 0.6
-0.149627784852639 0.260022164440058 0.6
-0.152484524154867 0.258357252449518 0.6
-0.155326953206422 0.256658406461994 0.6
-0.158154598599254 0.254925720440109 0.6
-0.160966987130051 0.253159295808537 0.6
-0.163763645927917 0.251359241470044 0.6
-0.166544102582745 0.249525673819165 0.6
-0.169307885274214 0.247658716753466 0.6
-0.172054522901378 0.245758501682402 0.6
-0.174783545212781 0.24382516753373 0.6
-0.17749448293707 0.241858860757472 0.6
-0.180186867914035 0.2398597353274 0.6
-0.182860233226041 0.237827952740038 0.6
-0.185514113329796 0.23576368201116 0.6
-0.188148044188401 0.233667099669764 0.6
-0.190761563403628 0.231538389749526 0.6
-0.19335421034839 0.229377743777705 0.6
-0.195925526299325 0.227185360761499 0.6
-0.198475054569464 0.224961447171839 0.6
-0.201002340640914 0.222706216924616 0.6
-0.20350693229751 0.220419891359325 0.6
-0.205988379757385 0.218102699215134 0.6
-0.208446235805389 0.215754876604363 0.6
-0.210880055925319 0.213376666983375 0.6
-0.213289398431898 0.210968321120871 0.6
-0.215673824602448 0.208530097063595 0.6
-0.218032898808201 0.206062260099448 0.6
-0.220366188645195 0.203565082718011 0.6
-0.222673265064699 0.201038844568472 0.6
-0.224953702503117 0.198483832414983 0.6
-0.227207079011297 0.195900340089429 0.6
-0.229432976383219 0.193288668441627 0.6
-0.231630980283976 0.190649125286964 0.6
-0.233800680377018 0.187982025351478 0.6
-0.235941670450586 0.185287690214399 0.6
-0.238053548543295 0.182566448248151 0.6
-0.240135917068794 0.179818634555848 0.6
-0.242188382939466 0.177044590906264 0.6
-0.244210557689107 0.174244665666342 0.6
-0.24620205759452 0.171419213731206 0.6
-0.248162503795985 0.168568596451734 0.6
-0.250091522416548 0.165693181559692 0.6
-0.251988744680062 0.162793343090454 0.6
-0.253853807027947 0.159869461303332 0.6
-0.255686351234603 0.156921922599537 0.6
-0.25748602452143 0.153951119437793 0.6
-0.259252479669398 0.150957450247639 0.6
-0.260985375130125 0.147941319340433 0.6
-0.262684375135399 0.144903136818099 0.6
-0.264349149805113 0.141843318479631 0.6
-0.265979375253536 0.138762285725404 0.6
-0.267574733693908 0.135660465459302 0.6
-0.269134913541268 0.13253828998872 0.6
-0.270659609513513 0.129396196922447 0.6
-0.272148522730597 0.126234629066488 0.6
-0.273601360811861 0.123054034317847 0.6
-0.275017837971425 0.119854865556318 0.6
-0.276397675111607 0.116637580534314 0.6
-0.277740599914326 0.113402641764778 0.6
-0.279046346930441 0.110150516407214 0.6
-0.280314657666993 0.106881676151885 0.6
-0.281545280672294 0.103596597102216 0.6
-0.282737971618844 0.10029575965544 0.6
-0.283892493384014 0.096979648381542 0.6
-0.285008616128478 0.0936487519005449 0.6
-0.28608611737234 0.0903035627581743 0.6
-0.287124782068931 0.0869445772999594 0.6
-0.288124402676236 0.0835722955438109 0.6
-0.289084779225916 0.0801872210511322 0.6
-0.290005719389899 0.076789860796507 0.6
-0.290887038544499 0.0733807250360156 0.6
-0.291728559832037 0.0699603271742317 0.6
-0.292530114219941 0.0665291836299543 0.6
-0.293291540557281 0.0630878137007223 0.6
-0.294012685628725 0.0596367394261678 0.6
-0.294693404205891 0.0561764854502605 0.6
-0.295333559096058 0.0527075788825036 0.6
-0.295933021188223 0.0492305491581291 0.6
-0.296491669496481 0.0457459278973485 0.6
-0.297009391200705 0.0422542487637229 0.6
-0.297486081684502 0.0387560473217 0.6
-0.297921644570437 0.0352518608933834 0.6
-0.298315991752498 0.0317422284145843 0.6
-0.298669043425795 0.0282276902902186 0.6
-0.29898072811347 0.0247087882491064 0.6
-0.299250982690811 0.0211860651982348 0.6
-0.299479752406557 0.0176600650765368 0.6
-0.299666990901381 0.0141313327082547 0.6
-0.299812660223552 0.010600413655939 0.6
-0.299916730841747 0.00706785407314903 0.6
-0.299979181655033 0.00353420055691218 0.6
-0.3 3.67394039744206e-17 0.6
-0.299979181655033 -0.00353420055691171 0.6
-0.299916730841747 -0.00706785407314909 0.6
-0.299812660223552 -0.0106004136559393 0.6
-0.299666990901381 -0.0141313327082547 0.6
-0.299479752406557 -0.0176600650765373 0.6
-0.299250982690811 -0.021186065198235 0.6
-0.29898072811347 -0.0247087882491064 0.6
-0.298669043425795 -0.0282276902902187 0.6
-0.298315991752498 -0.0317422284145845 0.6
-0.297921644570437 -0.0352518608933839 0.6
-0.297486081684502 -0.0387560473216999 0.6
-0.297009391200705 -0.0422542487637227 0.6
-0.296491669496481 -0.0457459278973487 0.6
-0.295933021188223 -0.0492305491581291 0.6
-0.295333559096058 -0.0527075788825038 0.6
-0.294693404205891 -0.0561764854502603 0.6
-0.294012685628725 -0.0596367394261678 0.6
-0.29329154055728 -0.0630878137007228 0.6
-0.292530114219941 -0.0665291836299544 0.6
-0.291728559832037 -0.0699603271742315 0.6
-0.290887038544499 -0.0733807250360154 0.6
-0.290005719389899 -0.0767898607965075 0.6
-0.289084779225917 -0.0801872210511316 0.6
-0.288124402676236 -0.0835722955438108 0.6
-0.287124782068931 -0.0869445772999594 0.6
-0.28608611737234 -0.090303562758175 0.6
-0.285008616128478 -0.0936487519005446 0.6
-0.283892493384014 -0.0969796483815418 0.6
-0.282737971618844 -0.10029575965544 0.6
-0.281545280672294 -0.103596597102217 0.6
-0.280314657666993 -0.106881676151885 0.6
-0.279046346930441 -0.110150516407213 0.6
-0.277740599914326 -0.113402641764778 0.6
-0.276397675111607 -0.116637580534314 0.6
-0.275017837971425 -0.119854865556317 0.6
-0.273601360811861 -0.123054034317847 0.6
-0.272148522730597 -0.126234629066487 0.6
-0.270659609513513 -0.129396196922448 0.6
-0.269134913541268 -0.13253828998872 0.6
-0.267574733693908 -0.135660465459302 0.6
-0.265979375253536 -0.138762285725404 0.6
-0.264349149805112 -0.141843318479632 0.6
-0.262684375135399 -0.144903136818099 0.6
-0.260985375130125 -0.147941319340434 0.6
-0.259252479669398 -0.150957450247639 0.6
-0.25748602452143 -0.153951119437793 0.6
-0.255686351234604 -0.156921922599536 0.6
-0.253853807027947 -0.159869461303332 0.6
-0.251988744680062 -0.162793343090454 0.6
-0.250091522416548 -0.165693181559692 0.6
-0.248162503795985 -0.168568596451734 0.6
-0.246202057594519 -0.171419213731206 0.6
-0.244210557689107 -0.174244665666342 0.6
-0.242188382939466 -0.177044590906265 0.6
-0.240135917068794 -0.179818634555847 0.6
-0.238053548543295 -0.182566448248152 0.6
-0.235941670450586 -0.185287690214399 0.6
-0.233800680377018 -0.187982025351478 0.6
-0.231630980283976 -0.190649125286964 0.6
-0.229432976383219 -0.193288668441627 0.6
-0.227207079011298 -0.195900340089429 0.6
-0.224953702503117 -0.198483832414983 0.6
-0.2226732650647 -0.201038844568471 0.6
-0.220366188645195 -0.203565082718011 0.6
-0.218032898808202 -0.206062260099448 0.6
-0.215673824602448 -0.208530097063595 0.6
-0.213289398431899 -0.210968321120871 0.6
-0.210880055925319 -0.213376666983376 0.6
-0.208446235805389 -0.215754876604364 0.6
-0.205988379757385 -0.218102699215134 0.6
-0.20350693229751 -0.220419891359325 0.6
-0.201002340640914 -0.222706216924616 0.6
-0.198475054569464 -0.224961447171839 0.6
-0.195925526299326 -0.227185360761499 0.6
-0.19335421034839 -0.229377743777705 0.6
-0.190761563403629 -0.231538389749526 0.6
-0.188148044188401 -0.233667099669764 0.6
-0.185514113329796 -0.23576368201116 0.6
-0.182860233226041 -0.237827952740038 0.6
-0.180186867914035 -0.2398597353274 0.6
-0.17749448293707 -0.241858860757472 0.6
-0.174783545212781 -0.243825167533731 0.6
-0.172054522901378 -0.245758501682402 0.6
-0.169307885274214 -0.247658716753466 0.6
-0.166544102582744 -0.249525673819165 0.6
-0.163763645927917 -0.251359241470044 0.6
-0.160966987130051 -0.253159295808537 0.6
-0.158154598599254 -0.254925720440109 0.6
-0.155326953206422 -0.256658406461994 0.6
-0.152484524154867 -0.258357252449518 0.6
-0.149627784852639 -0.260022164440058 0.6
-0.146757208785555 -0.261653055914646 0.6
-0.143873269391022 -0.263249847777237 0.6
-0.140976439932663 -0.264812468331671 0.6
-0.138067193375813 -0.26634085325636 0.6
-0.135146002263923 -0.267834945576711 0.6
-0.132213338595915 -0.269294695635324 0.6
-0.129269673704524 -0.270720061059992 0.6
-0.126315478135686 -0.27211100672952 0.6
-0.12335122152899 -0.273467504737411 0.6
-0.120377372499255 -0.274789534353431 0.6
-0.117394398519262 -0.276077081983095 0.6
-0.11440276580367 -0.277330141125105 0.6
-0.111402939194176 -0.278548712326765 0.6
-0.108395382045933 -0.279732803137416 0.6
-0.105380556115282 -0.280882428059916 0.6
-0.102358921448809 -0.281997608500208 0.6
-0.0993309362737895 -0.283078372715 0.6
-0.0962970568900273 -0.284124755757605 0.6
-0.0932577375631373 -0.28513679942197 0.6
-0.0902134304192962 -0.28611455218493 0.6
-0.0871645853414905 -0.287058069146725 0.6
-0.084111649867295 -0.28796741196983 0.6
-0.0810550690882068 -0.288842648816109 0.6
-0.0779952855505682 -0.289683854282363 0.6
-0.0749327391580912 -0.290491109334288 0.6
-0.0718678670760261 -0.291264501238896 0.6
-0.0688011036369841 -0.292004123495428 0.6
-0.0657328802484551 -0.292710075764812 0.6
-0.0626636253020093 -0.293382463797701 0.6
-0.059593764084253 -0.294021399361119 0.6
-0.0565237186895123 -0.294627000163781 0.6
-0.053453907934292 -0.295199389780115 0.6
-0.0503847472735188 -0.295738697573016 0.6
-0.0473166487185881 -0.2962450586154 0.6
-0.0442500207572277 -0.29671861361058 0.6
-0.0411852682751979 -0.297159508811513 0.6
-0.0381227924798411 -0.297567895938959 0.6
-0.0350629908254898 -0.297943932098594 0.6
-0.0320062569407549 -0.298287779697128 0.6
-0.0289529805576939 -0.298599606357453 0.6
-0.0259035474428789 -0.29887958483288 0.6
-0.022858339330372 -0.299127892920499 0.6
-0.0198177338566048 -0.29934471337371 0.6
-0.0167821044971948 -0.299530233813959 0.6
-0.0137518205056791 -0.299684646641732 0.6
-0.0107272468541782 -0.299808148946838 0.6
-0.00770874417600776 -0.299900942418041 0.6
-0.00469666871022928 -0.299963233252054 0.6
-0.0016913722481353 -0.299995232061975 0.6
0.00130679791830374 -0.299997153785166 0.6
0.00429749904606119 -0.299969217590654 0.6
0.00728039298872472 -0.299911646786066 0.6
0.0102551462422078 -0.299824668724158 0.6
0.0132214299885449 -0.299708514708972 0.6
0.0161789201377205 -0.299563419901658 0.6
0.0191272973675708 -0.29938962322601 0.6
0.0220662471617569 -0.299187367273747 0.6
0.0249954598458099 -0.298956898209586 0.6
0.0279146306212407 -0.298698465676139 0.6
0.0308234595977594 -0.298412322698687 0.6
0.0337216518235646 -0.298098725589846 0.6
0.0366089173137535 -0.297757933854188 0.6
0.0394849710768373 -0.297390210092836 0.6
0.0423495331393632 -0.296995819908089 0.6
0.0452023285687042 -0.296575031808085 0.6
0.0480430874939543 -0.296128117111578 0.6
0.0508715451250063 -0.295655349852822 0.6
0.0536874417697847 -0.295157006686638 0.6
0.0564905228496743 -0.294633366793665 0.6
0.0592805389131307 -0.294084711785854 0.6
0.0620572456475189 -0.293511325612221 0.6
0.0648204038891698 -0.29291349446491 0.6
0.0675697796316822 -0.292291506685579 0.6
0.0703051440324935 -0.29164565267216 0.6
0.073026273417716 -0.290976224786014 0.6
0.0757329492852837 -0.290283517259511 0.6
0.0784249583064078 -0.289567826104072 0.6
0.0811020923253628 -0.288829449018704 0.6
0.0837641483576339 -0.288068685299045 0.6
0.0864109285864364 -0.287285835746961 0.6
0.0890422403576219 -0.28648120258072 0.6
0.0916578961730188 -0.285655089345763 0.6
0.0942577136821841 -0.284807800826114 0.6
0.0968415156726456 -0.28393964295643 0.6
0.0994091300585929 -0.283050922734751 0.6
0.101960389868099 -0.282141948135943 0.6
0.104495133228856 -0.281213028025879 0.6
0.107013203352467 -0.280264472076365 0.6
0.109514448517305 -0.279296590680857 0.6
0.111998722049989 -0.278309694870965 0.6
0.114465882305456 -0.27730409623378 0.6
0.116915792645711 -0.276280106830052 0.6
0.119348321417229 -0.275238039113219 0.6
0.121763341927061 -0.274178205849323 0.6
0.12416073241767 -0.273100920037827 0.6
0.126540376040515 -0.27200649483335 0.6
0.128902160828399 -0.270895243468337 0.6
0.131245979666641 -0.269767479176686 0.6
0.133571730263053 -0.268623515118342 0.6
0.135879315116794 -0.267463664304875 0.6
0.138168641486084 -0.266288239526063 0.6
0.140439621354846 -0.265097553277482 0.6
0.142692171398265 -0.263891917689133 0.6
0.144926212947326 -0.262671644455099 0.6
0.147141671952327 -0.261437044764268 0.6
0.149338478945419 -0.260188429232102 0.6
0.151516569002181 -0.258926107833504 0.6
0.153675881702268 -0.257650389836752 0.6
0.155816361089163 -0.256361583738538 0.6
0.157937955629047 -0.255059997200104 0.6
0.160040618168816 -0.253745936984503 0.6
0.162124305893292 -0.252419708894964 0.6
0.164188980281627 -0.251081617714399 0.6
0.16623460706295 -0.249731967146031 0.6
0.168261156171265 -0.248371059755176 0.6
0.170268601699647 -0.24699919691215 0.6
0.172256921853739 -0.245616678736349 0.6
0.174226098904604 -0.244223804041464 0.6
0.176176119140933 -0.24282087028186 0.6
0.178106972820655 -0.241408173500116 0.6
0.180018654121963 -0.239986008275726 0.6
0.181911161093787 -0.23855466767496 0.6
0.18378449560574 -0.237114443201893 0.6
0.18563866329756 -0.23566562475061 0.6
0.187473673528086 -0.23420850055855 0.6
0.189289539323771 -0.232743357161046 0.6
0.191086277326775 -0.231270479347008 0.6
0.192863907742652 -0.229790150115782 0.6
0.194622454287684 -0.228302650635156 0.6
0.19636194413583 -0.226808260200543 0.6
0.198082407865383 -0.225307256195295 0.6
0.199783879405291 -0.2237999140522 0.6
0.201466395981236 -0.222286507216097 0.6
0.203129998061426 -0.220767307107654 0.6
0.204774729302178 -0.219242583088276 0.6
0.206400636493282 -0.217712602426153 0.6
0.208007769503177 -0.216177630263432 0.6
0.20959618122398 -0.214637929584509 0.6
0.211165927516354 -0.213093761185441 0.6
0.212717067154274 -0.211545383644466 0.6
0.214249661769679 -0.209993053293622 0.6
0.215763775797071 -0.20843702419146 0.6
0.217259476418033 -0.206877548096844 0.6
0.218736833505731 -0.205314874443831 0.6
0.220195919569397 -0.203749250317608 0.6
0.221636809698813 -0.202180920431509 0.6
0.223059581508827 -0.200610127105056 0.6
0.224464315083912 -0.199037110243066 0.6
0.225851092922784 -0.197462107315768 0.6
0.227219999883111 -0.195885353339955 0.6
0.228571123126311 -0.194307080861138 0.6
0.229904552062484 -0.192727519936693 0.6
0.231220378295461 -0.191146898120016 0.6
0.232518695568024 -0.189565440445627 0.6
0.233799599707284 -0.187983369415259 0.6
0.235063188570251 -0.186400904984892 0.6
0.2363095619896 -0.184818264552732 0.6
0.237538821719666 -0.183235662948109 0.6
0.238751071382665 -0.181653312421297 0.6
0.239946416415163 -0.180071422634245 0.6
0.24112496401481 -0.178490200652183 0.6
0.242286823087353 -0.176909850936113 0.6
0.243432104193939 -0.175330575336167 0.6
0.244560919498721 -0.173752573085811 0.6
0.245673382716784 -0.172176040796891 0.6
0.246769609062402 -0.170601172455494 0.6
0.247849715197639 -0.169028159418628 0.6
0.248913819181301 -0.167457190411694 0.6
0.249962040418259 -0.165888451526743 0.6
0.250994499609148 -0.164322126221497 0.6
0.252011318700464 -0.162758395319115 0.6
0.253012620835044 -0.161197437008726 0.6
0.25399853030297 -0.159639426846663 0.6
0.254969172492892 -0.158084537758409 0.6
0.255924673843772 -0.156532940041254 0.6
0.256865161797081 -0.154984801367616 0.6
0.257790764749428 -0.153440286789047 0.6
0.258701612005657 -0.151899558740881 0.6
0.25959783373241 -0.150362777047513 0.6
0.260479560912148 -0.148830098928324 0.6
0.261346925297669 -0.147301679004194 0.6
0.262200059367104 -0.14577766930462 0.6
0.263039096279409 -0.144258219275409 0.6
0.26386416983036 -0.142743475786934 0.6
0.26467541440905 -0.141233583142954 0.6
0.265472964954904 -0.139728683089953 0.6
0.266256956915212 -0.138228914827003 0.6
0.26702752620318 -0.136734415016155 0.6
0.267784809156519 -0.135245317793285 0.6
0.268528942496559 -0.133761754779457 0.6
0.269260063287907 -0.132283855092723 0.6
0.269978308898645 -0.130811745360377 0.6
0.270683816961072 -0.129345549731657 0.6
0.271376725332999 -0.127885389890862 0.6
0.272057172059595 -0.12643138507086 0.6
0.272725295335783 -0.124983652067019 0.6
0.273381233469214 -0.123542305251485 0.6
0.274025124843771 -0.122107456587859 0.6
0.274657107883665 -0.120679215646196 0.6
0.275277321018082 -0.119257689618354 0.6
0.275885902646397 -0.117842983333683 0.6
0.276482991103961 -0.116435199274992 0.6
0.277068724628452 -0.115034437594848 0.6
0.277643241326805 -0.113640796132136 0.6
0.2782066791427 -0.112254370428908 0.6
0.27875917582464 -0.110875253747477 0.6
0.279300868894584 -0.109503537087761 0.6
0.279831895617155 -0.108139309204885 0.6
0.280352392969437 -0.106782656626955 0.6
0.280862497611321 -0.105433663673091 0.6
0.281362345856436 -0.104092412471626 0.6
0.281852073643645 -0.102758982978508 0.6
0.282331816509118 -0.101433452995852 0.6
0.282801709558961 -0.100115898190693 0.6
0.283261887442427 -0.0988063921138398 0.6
0.283712484325681 -0.0975050062189126 0.6
0.284153633866138 -0.0962118098814743 0.6
0.284585469187357 -0.0949268704182962 0.6
0.285008122854498 -0.0936502531067329 0.6
0.285421726850346 -0.0923820212041634 0.6
0.285826412551869 -0.0911222359675657 0.6
0.286222310707359 -0.0898709566731096 0.6
0.286609551414102 -0.0886282406358549 0.6
0.286988264096607 -0.0873941432294865 0.6
0.28735857748538 -0.0861687179060882 0.6
0.287720619596237 -0.0849520162159642 0.6
0.288074517710163 -0.0837440878274818 0.6
0.288420398353704 -0.082544980546914 0.6
0.288758387279895 -0.0813547403383113 0.6
0.289088609449714 -0.0801734113433539 0.6
0.289411189014069 -0.0790010359012023 0.6
0.289726249296301 -0.077837654568322 0.6
0.29003391277522 -0.0766833061382721 0.6
0.290334301068634 -0.0755380276614891 0.6
0.290627534917413 -0.0744018544649803 0.6
0.290913734170049 -0.0732748201719926 0.6
0.291193017767722 -0.0721569567216292 0.6
0.291465503729866 -0.0710482943883646 0.6
0.291731309140227 -0.0699488618015265 0.6
0.291990550133428 -0.0688586859646496 0.6
0.292243341881994 -0.0677777922747844 0.6
0.292489798583888 -0.066706204541682 0.6
0.292730033450504 -0.0656439450068844 0.6
0.292964158695148 -0.0645910343627035 0.6
0.29319228552198 -0.0635474917710958 0.6
0.293414524115425 -0.0625133348823961 0.6
0.29363098363004 -0.0614885798539485 0.6
0.293841772180842 -0.0604732413685767 0.6
0.294046996834085 -0.0594673326529417 0.6
0.294246763598478 -0.0584708654957444 0.6
0.294441177416851 -0.0574838502657788 0.6
0.294630342158253 -0.0565062959298416 0.6
0.294814360610487 -0.05553821007045 0.6
0.294993334473065 -0.0545795989034588 0.6
0.295167364350587 -0.0536304672954441 0.6
0.295336549746543 -0.0526908187809549 0.6
0.295500989057519 -0.0517606555795815 0.6
0.295660779567811 -0.0508399786128417 0.6
0.295816017444451 -0.0499287875208683 0.6
0.295966797732616 -0.049027080678954 0.6
0.296113214351442 -0.0481348552138339 0.6
0.296255360090216 -0.0472521070198643 0.6
0.296393326604955 -0.0463788307749175 0.6
0.296527204415367 -0.0455150199561337 0.6
0.296657082902171 -0.0446606668554576 0.6
0.296783050304802 -0.0438157625949516 0.6
0.296905193719462 -0.0429802971419298 0.6
0.297023599097544 -0.0421542593238372 0.6
0.297138351244393 -0.0413376368429978 0.6
0.297249533818432 -0.040530416291041 0.6
0.297357229330614 -0.0397325831632018 0.6
0.297461519144226 -0.0389441218723622 0.6
0.297562483475015 -0.0381650157628842 0.6
0.297660201391654 -0.0373952471241977 0.6
0.297754750816517 -0.0366347972042102 0.6
0.297846208526785 -0.0358836462224592 0.6
0.297934650155859 -0.0351417733830569 0.6
0.298020150195082 -0.0344091568873846 0.6
0.298102781995771 -0.0336857739466028 0.6
0.298182617771539 -0.0329716007939013 0.6
0.298259728600916 -0.0322666126965266 0.6
0.298334184430264 -0.0315707839676032 0.6
0.298406054076968 -0.0308840879776903 0.6
0.298475405232913 -0.0302064971661462 0.6
0.298542304468236 -0.0295379830522517 0.6
0.298606817235348 -0.0288785162460909 0.6
0.29866900787322 -0.0282280664592268 0.6
0.298728939611935 -0.0275866025151461 0.6
0.298786674577495 -0.0269540923594523 0.6
0.298842273796877 -0.0263305030698663 0.6
0.298895797203341 -0.0257158008659892 0.6
0.29894730364198 -0.0251099511188203 0.6
0.29899685087551 -0.0245129183600833 0.6
0.299044495590288 -0.0239246662913044 0.6
0.299090293402568 -0.0233451577926914 0.6
0.299134298864979 -0.0227743549317563 0.6
0.299176565473218 -0.0222122189717606 0.6
0.299217145672969 -0.0216587103799158 0.6
0.299256090867029 -0.0211137888353659 0.6
0.299293451422638 -0.0205774132369657 0.6
0.299329276679019 -0.0200495417108473 0.6
0.299363614955112 -0.0195301316177666 0.6
0.299396513557504 -0.0190191395602211 0.6
0.299428018788548 -0.0185165213894146 0.6
0.299458175954671 -0.018022232211947 0.6
0.299487029374856 -0.0175362263963458 0.6
0.299514622389312 -0.0170584575793841 0.6
0.299540997368306 -0.0165888786721854 0.6
0.299566195721169 -0.0161274418661574 0.6
0.299590257905469 -0.0156740986386728 0.6
0.299613223436335 -0.0152287997586404 0.6
0.299635130895949 -0.0147914952918117 0.6
0.299656017943176 -0.0143621346059318 0.6
0.299675921323355 -0.0139406663756924 0.6
0.29969487687822 -0.0135270385875252 0.6
0.299712919555972 -0.0131211985441641 0.6
0.299730083421476 -0.0127230928690764 0.6
0.299746401666593 -0.0123326675107092 0.6
0.299761906620639 -0.0119498677465219 0.6
0.299776629760964 -0.0115746381868986 0.6
0.29979060172365 -0.0112069227788783 0.6
0.299803852314319 -0.0108466648096934 0.6
0.299816410519057 -0.0104938069101762 0.6
0.299828304515438 -0.0101482910579888 0.6
0.299839561683649 -0.00981005858071055 0.6
0.299850208617716 -0.00947905015875561 0.6
0.299860271136815 -0.00915520582815162 0.6
0.29986977429668 -0.00883846498315062 0.6
0.299878742401086 -0.00852876637873 0.6
0.29988719901342 -0.00822604813292347 0.6
0.29989516696832 -0.00793024772900358 0.6
0.299902668383388 -0.00764130201756965 0.6
0.29990972467097 -0.00735914721846253 0.6
0.299916356549999 -0.00708371892257118 0.6
0.299922584057892 -0.006814952093498 0.6
0.299928426562506 -0.00655278106910194 0.6
0.299933902774136 -0.00629713956295424 0.6
0.299939030757565 -0.00604796066560181 0.6
0.299943827944148 -0.00580517684581714 0.6
0.299948311143937 -0.00556871995163266 0.6
0.299952496557832 -0.00533852121134132 0.6
0.299956399789759 -0.00511451123434143 0.6
0.299960035858877 -0.00489662001193498 0.6
0.299963419211791 -0.00468477691796141 0.6
0.299966563734789 -0.00447891070938381 0.6
0.299969482766077 -0.00427894952674623 0.6
0.299972189108022 -0.00408482089458251 0.6
0.299974695039399 -0.0038964517216761 0.6
0.299977012327619 -0.00371376830129688 0.6
0.299979152240954 -0.00353669631132115 0.6
0.299981125560749 -0.00336516081426441 0.6
0.299982942593606 -0.00319908625726825 0.6
0.299984613183541 -0.00303839647199543 0.6
0.299986146724123 -0.00288301467444244 0.6
0.299987552170558 -0.0027328634646964 0.6
0.29998883805175 -0.00258786482664132 0.6
0.299990012482302 -0.00244794012756316 0.6
0.299991083174476 -0.002313010117735 0.6
0.299992057450086 -0.00218299492991035 0.6
0.299992942252342 -0.00205781407876358 0.6
0.299993744157613 -0.00193738646032942 0.6
0.299994469387126 -0.0018216303512988 0.6
0.299995123818586 -0.00171046340835661 0.6
0.299995712997709 -0.00160380266740797 0.6
0.299996242149671 -0.00150156454279762 0.6
0.299996716190452 -0.00140366482648088 0.6
0.299997139738097 -0.00131001868713733 0.6
0.29999751712385 -0.00122054066926762 0.6
0.299997852403192 -0.0011351446922452 0.6
0.299998149366756 -0.00105374404933501 0.6
0.299998411551113 -0.000976251406679193 0.6
0.299998642249437 -0.000902578802263997 0.6
0.299998844522029 -0.00083263764483853 0.6
0.299999021206699 -0.000766338712836623 0.6
0.299999174929002 -0.000703592153221493 0.6
0.29999930811232 -0.000644307480385923 0.6
0.29999942298778 -0.000588393574963521 0.6
0.299999521604009 -0.000535758682646385 0.6
0.299999605836711 -0.000486310412978376 0.6
0.299999677398074 -0.00043995573815419 0.6
0.299999737845974 -0.000396600991774404 0.6
0.299999788593004 -0.000356151867588684 0.6
0.29999983091529 -0.000318513418231819 0.6
0.299999865961106 -0.000283590053981748 0.6
0.299999894759276 -0.00025128554143405 0.6
0.299999918227355 -0.000221503002229594 0.6
0.299999937179582 -0.000194144911747568 0.6
0.299999952334596 -0.000169113097802113 0.6
0.299999964322919 -0.000146308739296532 0.6
0.29999997369418 -0.000125632364948825 0.6
0.299999980924092 -0.000106983851902797 0.6
0.299999986421158 -9.0262424446837e-05 0.6
0.299999990533113 -7.53666526291584e-05 0.6
0.299999993553084 -6.21944509664718e-05 0.6
0.299999995725465 -5.06430770432968e-05 0.6
0.299999997251498 -4.06091302096929e-05 0.6
0.299999998294554 -3.19885502070381e-05 0.6
0.299999998985108 -2.46766158248169e-05 0.6
0.299999999425386 -1.85679435455868e-05 0.6
0.299999999693703 -1.35564861866728e-05 0.6
0.299999999848456 -9.5355315542944e-06 0.6
0.299999999931782 -6.39770108955484e-06 0.6
0.299999999972865 -4.03494848381826e-06 0.6
0.299999999990885 -2.33855837206681e-06 0.6
0.299999999997603 -1.19914493088936e-06 0.6
0.299999999999572 -5.06650537597205e-07 0.6
0.299999999999962 -1.50344420186885e-07 0.6
0.299999999999999 -1.88212939302532e-08 0.6
0.3 -7.34788079488412e-17 0.6
